0 1.38283
1 1.38283
2 1.38283
3 1.38283
4 1.38283
5 1.38283
6 1.62173
7 1.38283
8 1.39482
9 1.62173
10 1.39482
11 1.38283
12 1.62173
13 1.39482
14 1.38283
15 1.62173
16 1.39482
17 1.38283
18 1.61146
19 1.38283
20 1.43103
21 1.61146
22 1.43103
23 1.39482
24 1.39482
25 1.61146
26 1.61146
27 1.44387
28 1.44387
29 1.38283
30 1.61146
31 1.38283
32 1.43103
33 1.61146
34 1.43103
35 1.38283
36 1.56918
37 1.38283
38 1.56918
39 1.56918
40 1.56918
41 1.38283
42 1.38283
43 1.44288
44 1.57997
45 1.44288
46 1.57997
47 1.56918
48 1.44288
49 1.3951
50 1.56918
51 1.64485
52 1.58459
53 1.43103
54 1.44387
55 1.57997
56 1.3951
57 1.43103
58 1.62284
59 1.56918
60 1.43103
61 1.56918
62 1.43103
63 1.63002
64 1.63002
65 1.38283
66 1.56918
67 1.38283
68 1.56918
69 1.56918
70 1.56918
71 1.38283
72 1.38283
73 1.44288
74 1.57997
75 1.44288
76 1.57997
77 1.56918
78 1.56918
79 1.44288
80 1.3951
81 1.64485
82 1.58459
83 1.44387
84 1.43103
85 1.62284
86 1.43103
87 1.57997
88 1.3951
89 1.38283
90 1.38283
91 1.38283
92 1.38283
93 1.38283
94 1.38283
95 1.62173
96 1.38283
97 1.39482
98 1.62173
99 1.39482
100 1.38283
101 1.62173
102 1.39482
103 1.38283
104 1.62173
105 1.39482
106 1.38283
107 1.61146
108 1.38283
109 1.43103
110 1.61146
111 1.43103
112 1.39482
113 1.39482
114 1.61146
115 1.61146
116 1.44387
117 1.44387
118 1.38283
119 1.61146
120 1.38283
121 1.43103
122 1.61146
123 1.43103
124 1.38283
125 1.38283
126 1.44288
127 1.57997
128 1.44288
129 1.57997
130 1.56918
131 1.64485
132 1.44288
133 1.3951
134 1.56918
135 1.58459
136 1.43103
137 1.44387
138 1.57997
139 1.3951
140 1.43103
141 1.62284
142 1.56918
143 1.43103
144 1.56918
145 1.43103
146 1.63002
147 1.63002
148 1.38283
149 1.56918
150 1.38283
151 1.56918
152 1.56918
153 1.56918
154 1.38283
155 1.38283
156 1.44288
157 1.57997
158 1.44288
159 1.57997
160 1.56918
161 1.56918
162 1.44288
163 1.3951
164 1.64485
165 1.58459
166 1.44387
167 1.43103
168 1.62284
169 1.43103
170 1.57997
171 1.3951
172 1.38283
173 1.38283
174 1.38283
175 1.38283
176 1.38283
177 1.38283
178 1.62173
179 1.38283
180 1.39482
181 1.62173
182 1.39482
183 1.38283
184 1.62173
185 1.39482
186 1.38283
187 1.62173
188 1.39482
189 1.38283
190 1.61146
191 1.38283
192 1.43103
193 1.61146
194 1.43103
195 1.39482
196 1.39482
197 1.61146
198 1.61146
199 1.44387
200 1.44387
201 1.38283
202 1.61146
203 1.38283
204 1.43103
205 1.61146
206 1.43103
207 1.38283
208 1.38283
209 1.44288
210 1.57997
211 1.44288
212 1.57997
213 1.56918
214 1.64485
215 1.44288
216 1.3951
217 1.56918
218 1.58459
219 1.43103
220 1.44387
221 1.57997
222 1.3951
223 1.43103
224 1.62284
225 1.56918
226 1.43103
227 1.56918
228 1.43103
229 1.63002
230 1.63002
231 1.38283
232 1.38283
233 1.44288
234 1.57997
235 1.44288
236 1.57997
237 1.56918
238 1.64485
239 1.56918
240 1.44288
241 1.3951
242 1.58459
243 1.44387
244 1.43103
245 1.62284
246 1.43103
247 1.57997
248 1.3951
249 1.58459
250 1.63002
251 1.58459
252 1.63002
253 1.64647
254 1.64647
255 1.63002
256 1.58459
257 1.58459
258 1.63002
259 1.64647
260 1.64647
261 1.63002
262 1.58459
263 1.63002
264 1.58459
265 1.64647
266 1.64647
267 1.38283
268 1.62173
269 1.38283
270 1.39482
271 1.62173
272 1.39482
273 1.38283
274 1.61146
275 1.38283
276 1.43103
277 1.61146
278 1.43103
279 1.39482
280 1.61146
281 1.39482
282 1.61146
283 1.44387
284 1.44387
285 1.38283
286 1.56918
287 1.38283
288 1.56918
289 1.56918
290 1.56918
291 1.38283
292 1.38283
293 1.44288
294 1.57997
295 1.44288
296 1.57997
297 1.56918
298 1.44288
299 1.3951
300 1.56918
301 1.64485
302 1.58459
303 1.43103
304 1.44387
305 1.57997
306 1.3951
307 1.43103
308 1.62284
309 1.56918
310 1.43103
311 1.56918
312 1.43103
313 1.63002
314 1.63002
315 1.56918
316 1.44288
317 1.56918
318 1.3951
319 1.64485
320 1.58459
321 1.43103
322 1.57997
323 1.44387
324 1.62284
325 1.43103
326 1.3951
327 1.38283
328 1.38283
329 1.38283
330 1.38283
331 1.38283
332 1.38283
333 1.62173
334 1.38283
335 1.39482
336 1.62173
337 1.39482
338 1.38283
339 1.62173
340 1.39482
341 1.38283
342 1.62173
343 1.39482
344 1.38283
345 1.61146
346 1.38283
347 1.43103
348 1.61146
349 1.43103
350 1.39482
351 1.39482
352 1.61146
353 1.61146
354 1.44387
355 1.44387
356 1.38283
357 1.61146
358 1.38283
359 1.43103
360 1.61146
361 1.43103
362 1.38283
363 1.38283
364 1.44288
365 1.57997
366 1.44288
367 1.57997
368 1.56918
369 1.64485
370 1.44288
371 1.3951
372 1.56918
373 1.58459
374 1.43103
375 1.44387
376 1.57997
377 1.3951
378 1.43103
379 1.62284
380 1.56918
381 1.43103
382 1.56918
383 1.43103
384 1.63002
385 1.63002
386 1.38283
387 1.56918
388 1.38283
389 1.56918
390 1.56918
391 1.56918
392 1.38283
393 1.38283
394 1.44288
395 1.57997
396 1.44288
397 1.57997
398 1.56918
399 1.56918
400 1.44288
401 1.3951
402 1.64485
403 1.58459
404 1.44387
405 1.43103
406 1.62284
407 1.43103
408 1.57997
409 1.3951
410 1.38283
411 1.62173
412 1.39482
413 1.38283
414 1.62173
415 1.39482
416 1.39482
417 1.61146
418 1.39482
419 1.61146
420 1.44387
421 1.44387
422 1.38283
423 1.61146
424 1.38283
425 1.43103
426 1.61146
427 1.43103
428 1.56918
429 1.44288
430 1.64485
431 1.3951
432 1.56918
433 1.58459
434 1.43103
435 1.57997
436 1.44387
437 1.3951
438 1.43103
439 1.62284
440 1.56918
441 1.43103
442 1.56918
443 1.43103
444 1.63002
445 1.63002
446 1.38283
447 1.38283
448 1.44288
449 1.57997
450 1.44288
451 1.57997
452 1.56918
453 1.64485
454 1.56918
455 1.44288
456 1.3951
457 1.58459
458 1.44387
459 1.43103
460 1.62284
461 1.43103
462 1.57997
463 1.3951
464 1.58459
465 1.63002
466 1.58459
467 1.63002
468 1.64647
469 1.64647
470 1.63002
471 1.58459
472 1.58459
473 1.63002
474 1.64647
475 1.64647
476 1.63002
477 1.58459
478 1.63002
479 1.58459
480 1.64647
481 1.64647
482 1.38283
483 1.62173
484 1.38283
485 1.39482
486 1.62173
487 1.39482
488 1.38283
489 1.61146
490 1.38283
491 1.43103
492 1.61146
493 1.43103
494 1.39482
495 1.61146
496 1.39482
497 1.61146
498 1.44387
499 1.44387
500 1.38283
501 1.56918
502 1.38283
503 1.56918
504 1.56918
505 1.56918
506 1.38283
507 1.38283
508 1.44288
509 1.57997
510 1.44288
511 1.57997
512 1.56918
513 1.44288
514 1.3951
515 1.56918
516 1.64485
517 1.58459
518 1.43103
519 1.44387
520 1.57997
521 1.3951
522 1.43103
523 1.62284
524 1.56918
525 1.43103
526 1.56918
527 1.43103
528 1.63002
529 1.63002
530 1.56918
531 1.44288
532 1.56918
533 1.3951
534 1.64485
535 1.58459
536 1.43103
537 1.57997
538 1.44387
539 1.62284
540 1.43103
541 1.3951
542 1.38283
543 1.38283
544 1.38283
545 1.38283
546 1.38283
547 1.38283
548 1.62173
549 1.38283
550 1.39482
551 1.62173
552 1.39482
553 1.38283
554 1.62173
555 1.39482
556 1.38283
557 1.62173
558 1.39482
559 1.38283
560 1.61146
561 1.38283
562 1.43103
563 1.61146
564 1.43103
565 1.39482
566 1.39482
567 1.61146
568 1.61146
569 1.44387
570 1.44387
571 1.38283
572 1.61146
573 1.38283
574 1.43103
575 1.61146
576 1.43103
577 1.38283
578 1.38283
579 1.44288
580 1.57997
581 1.44288
582 1.57997
583 1.56918
584 1.64485
585 1.44288
586 1.3951
587 1.56918
588 1.58459
589 1.43103
590 1.44387
591 1.57997
592 1.3951
593 1.43103
594 1.62284
595 1.56918
596 1.43103
597 1.56918
598 1.43103
599 1.63002
600 1.63002
601 1.38283
602 1.56918
603 1.38283
604 1.56918
605 1.56918
606 1.56918
607 1.38283
608 1.38283
609 1.44288
610 1.57997
611 1.44288
612 1.57997
613 1.56918
614 1.56918
615 1.44288
616 1.3951
617 1.64485
618 1.58459
619 1.44387
620 1.43103
621 1.62284
622 1.43103
623 1.57997
624 1.3951
625 1.38283
626 1.62173
627 1.39482
628 1.38283
629 1.62173
630 1.39482
631 1.39482
632 1.61146
633 1.39482
634 1.61146
635 1.44387
636 1.44387
637 1.38283
638 1.61146
639 1.38283
640 1.43103
641 1.61146
642 1.43103
643 1.56918
644 1.44288
645 1.64485
646 1.3951
647 1.56918
648 1.58459
649 1.43103
650 1.57997
651 1.44387
652 1.3951
653 1.43103
654 1.62284
655 1.56918
656 1.43103
657 1.56918
658 1.43103
659 1.63002
660 1.63002
661 1.38283
662 1.38283
663 1.44288
664 1.57997
665 1.44288
666 1.57997
667 1.56918
668 1.64485
669 1.56918
670 1.44288
671 1.3951
672 1.58459
673 1.44387
674 1.43103
675 1.62284
676 1.43103
677 1.57997
678 1.3951
679 1.58459
680 1.63002
681 1.58459
682 1.63002
683 1.64647
684 1.64647
685 1.63002
686 1.58459
687 1.58459
688 1.63002
689 1.64647
690 1.64647
691 1.63002
692 1.58459
693 1.63002
694 1.58459
695 1.64647
696 1.64647
697 1.38283
698 1.38283
699 1.38283
700 1.38283
701 1.38283
702 1.38283
703 1.62173
704 1.38283
705 1.39482
706 1.62173
707 1.39482
708 1.38283
709 1.62173
710 1.39482
711 1.38283
712 1.62173
713 1.39482
714 1.38283
715 1.61146
716 1.38283
717 1.43103
718 1.61146
719 1.43103
720 1.39482
721 1.39482
722 1.61146
723 1.61146
724 1.44387
725 1.44387
726 1.38283
727 1.61146
728 1.38283
729 1.43103
730 1.61146
731 1.43103
732 1.38283
733 1.56918
734 1.38283
735 1.56918
736 1.56918
737 1.56918
738 1.38283
739 1.38283
740 1.44288
741 1.57997
742 1.44288
743 1.57997
744 1.56918
745 1.44288
746 1.3951
747 1.56918
748 1.64485
749 1.58459
750 1.43103
751 1.44387
752 1.57997
753 1.3951
754 1.43103
755 1.62284
756 1.56918
757 1.43103
758 1.56918
759 1.43103
760 1.63002
761 1.63002
762 1.38283
763 1.56918
764 1.38283
765 1.56918
766 1.56918
767 1.56918
768 1.38283
769 1.38283
770 1.44288
771 1.57997
772 1.44288
773 1.57997
774 1.56918
775 1.56918
776 1.44288
777 1.3951
778 1.64485
779 1.58459
780 1.44387
781 1.43103
782 1.62284
783 1.43103
784 1.57997
785 1.3951
786 1.38283
787 1.62173
788 1.38283
789 1.39482
790 1.62173
791 1.39482
792 1.38283
793 1.61146
794 1.38283
795 1.43103
796 1.61146
797 1.43103
798 1.39482
799 1.61146
800 1.39482
801 1.61146
802 1.44387
803 1.44387
804 1.38283
805 1.38283
806 1.44288
807 1.57997
808 1.44288
809 1.57997
810 1.56918
811 1.64485
812 1.44288
813 1.3951
814 1.56918
815 1.58459
816 1.43103
817 1.44387
818 1.57997
819 1.3951
820 1.43103
821 1.62284
822 1.56918
823 1.43103
824 1.56918
825 1.43103
826 1.63002
827 1.63002
828 1.56918
829 1.44288
830 1.56918
831 1.3951
832 1.64485
833 1.58459
834 1.43103
835 1.57997
836 1.44387
837 1.62284
838 1.43103
839 1.3951
840 1.38283
841 1.62173
842 1.62173
843 1.38283
844 1.39482
845 1.39482
846 1.38283
847 1.61146
848 1.38283
849 1.43103
850 1.61146
851 1.43103
852 1.39482
853 1.61146
854 1.39482
855 1.61146
856 1.44387
857 1.44387
858 1.38283
859 1.38283
860 1.44288
861 1.57997
862 1.44288
863 1.57997
864 1.56918
865 1.64485
866 1.44288
867 1.3951
868 1.56918
869 1.58459
870 1.43103
871 1.44387
872 1.57997
873 1.3951
874 1.43103
875 1.62284
876 1.56918
877 1.43103
878 1.56918
879 1.43103
880 1.63002
881 1.63002
882 1.56918
883 1.44288
884 1.64485
885 1.56918
886 1.3951
887 1.58459
888 1.43103
889 1.57997
890 1.44387
891 1.62284
892 1.43103
893 1.3951
894 1.58459
895 1.63002
896 1.58459
897 1.63002
898 1.64647
899 1.64647
900 1.63002
901 1.58459
902 1.58459
903 1.63002
904 1.64647
905 1.64647
906 1.63002
907 1.58459
908 1.63002
909 1.58459
910 1.64647
911 1.64647
912 1.38283
913 1.62173
914 1.38283
915 1.39482
916 1.62173
917 1.39482
918 1.38283
919 1.61146
920 1.38283
921 1.43103
922 1.61146
923 1.43103
924 1.39482
925 1.61146
926 1.39482
927 1.61146
928 1.44387
929 1.44387
930 1.38283
931 1.56918
932 1.38283
933 1.56918
934 1.56918
935 1.56918
936 1.38283
937 1.38283
938 1.44288
939 1.57997
940 1.44288
941 1.57997
942 1.56918
943 1.44288
944 1.3951
945 1.56918
946 1.64485
947 1.58459
948 1.43103
949 1.44387
950 1.57997
951 1.3951
952 1.43103
953 1.62284
954 1.56918
955 1.43103
956 1.56918
957 1.43103
958 1.63002
959 1.63002
960 1.56918
961 1.44288
962 1.56918
963 1.3951
964 1.64485
965 1.58459
966 1.43103
967 1.57997
968 1.44387
969 1.62284
970 1.43103
971 1.3951
972 1.38283
973 1.62173
974 1.38283
975 1.39482
976 1.62173
977 1.39482
978 1.38283
979 1.61146
980 1.38283
981 1.43103
982 1.61146
983 1.43103
984 1.39482
985 1.61146
986 1.39482
987 1.61146
988 1.44387
989 1.44387
990 1.38283
991 1.38283
992 1.44288
993 1.57997
994 1.44288
995 1.57997
996 1.56918
997 1.64485
998 1.44288
999 1.3951
1000 1.56918
1001 1.58459
1002 1.43103
1003 1.44387
1004 1.57997
1005 1.3951
1006 1.43103
1007 1.62284
1008 1.56918
1009 1.43103
1010 1.56918
1011 1.43103
1012 1.63002
1013 1.63002
1014 1.56918
1015 1.44288
1016 1.56918
1017 1.3951
1018 1.64485
1019 1.58459
1020 1.43103
1021 1.57997
1022 1.44387
1023 1.62284
1024 1.43103
1025 1.3951
1026 1.39482
1027 1.61146
1028 1.39482
1029 1.61146
1030 1.44387
1031 1.44387
1032 1.56918
1033 1.44288
1034 1.64485
1035 1.3951
1036 1.56918
1037 1.58459
1038 1.43103
1039 1.57997
1040 1.44387
1041 1.3951
1042 1.43103
1043 1.62284
1044 1.56918
1045 1.43103
1046 1.56918
1047 1.43103
1048 1.63002
1049 1.63002
1050 1.56918
1051 1.44288
1052 1.64485
1053 1.56918
1054 1.3951
1055 1.58459
1056 1.43103
1057 1.57997
1058 1.44387
1059 1.62284
1060 1.43103
1061 1.3951
1062 1.58459
1063 1.63002
1064 1.58459
1065 1.63002
1066 1.64647
1067 1.64647
1068 1.63002
1069 1.58459
1070 1.58459
1071 1.63002
1072 1.64647
1073 1.64647
1074 1.63002
1075 1.58459
1076 1.63002
1077 1.58459
1078 1.64647
1079 1.64647
1080 1.38283
1081 1.62173
1082 1.38283
1083 1.39482
1084 1.62173
1085 1.39482
1086 1.38283
1087 1.61146
1088 1.38283
1089 1.43103
1090 1.61146
1091 1.43103
1092 1.39482
1093 1.61146
1094 1.39482
1095 1.61146
1096 1.44387
1097 1.44387
1098 1.38283
1099 1.56918
1100 1.38283
1101 1.56918
1102 1.56918
1103 1.56918
1104 1.38283
1105 1.38283
1106 1.44288
1107 1.57997
1108 1.44288
1109 1.57997
1110 1.56918
1111 1.44288
1112 1.3951
1113 1.56918
1114 1.64485
1115 1.58459
1116 1.43103
1117 1.44387
1118 1.57997
1119 1.3951
1120 1.43103
1121 1.62284
1122 1.56918
1123 1.43103
1124 1.56918
1125 1.43103
1126 1.63002
1127 1.63002
1128 1.56918
1129 1.44288
1130 1.56918
1131 1.3951
1132 1.64485
1133 1.58459
1134 1.43103
1135 1.57997
1136 1.44387
1137 1.62284
1138 1.43103
1139 1.3951
1140 1.38283
1141 1.38283
1142 1.38283
1143 1.38283
1144 1.38283
1145 1.38283
1146 1.62173
1147 1.38283
1148 1.39482
1149 1.62173
1150 1.39482
1151 1.38283
1152 1.62173
1153 1.39482
1154 1.38283
1155 1.62173
1156 1.39482
1157 1.38283
1158 1.61146
1159 1.38283
1160 1.43103
1161 1.61146
1162 1.43103
1163 1.39482
1164 1.39482
1165 1.61146
1166 1.61146
1167 1.44387
1168 1.44387
1169 1.38283
1170 1.61146
1171 1.38283
1172 1.43103
1173 1.61146
1174 1.43103
1175 1.38283
1176 1.38283
1177 1.44288
1178 1.57997
1179 1.44288
1180 1.57997
1181 1.56918
1182 1.64485
1183 1.44288
1184 1.3951
1185 1.56918
1186 1.58459
1187 1.43103
1188 1.44387
1189 1.57997
1190 1.3951
1191 1.43103
1192 1.62284
1193 1.56918
1194 1.43103
1195 1.56918
1196 1.43103
1197 1.63002
1198 1.63002
1199 1.38283
1200 1.56918
1201 1.38283
1202 1.56918
1203 1.56918
1204 1.56918
1205 1.38283
1206 1.38283
1207 1.44288
1208 1.57997
1209 1.44288
1210 1.57997
1211 1.56918
1212 1.56918
1213 1.44288
1214 1.3951
1215 1.64485
1216 1.58459
1217 1.44387
1218 1.43103
1219 1.62284
1220 1.43103
1221 1.57997
1222 1.3951
1223 1.38283
1224 1.62173
1225 1.39482
1226 1.38283
1227 1.62173
1228 1.39482
1229 1.39482
1230 1.61146
1231 1.39482
1232 1.61146
1233 1.44387
1234 1.44387
1235 1.38283
1236 1.61146
1237 1.38283
1238 1.43103
1239 1.61146
1240 1.43103
1241 1.56918
1242 1.44288
1243 1.64485
1244 1.3951
1245 1.56918
1246 1.58459
1247 1.43103
1248 1.57997
1249 1.44387
1250 1.3951
1251 1.43103
1252 1.62284
1253 1.56918
1254 1.43103
1255 1.56918
1256 1.43103
1257 1.63002
1258 1.63002
1259 1.38283
1260 1.38283
1261 1.44288
1262 1.57997
1263 1.44288
1264 1.57997
1265 1.56918
1266 1.64485
1267 1.56918
1268 1.44288
1269 1.3951
1270 1.58459
1271 1.44387
1272 1.43103
1273 1.62284
1274 1.43103
1275 1.57997
1276 1.3951
1277 1.58459
1278 1.63002
1279 1.58459
1280 1.63002
1281 1.64647
1282 1.64647
1283 1.63002
1284 1.58459
1285 1.58459
1286 1.63002
1287 1.64647
1288 1.64647
1289 1.63002
1290 1.58459
1291 1.63002
1292 1.58459
1293 1.64647
1294 1.64647
1295 1.38283
1296 1.62173
1297 1.38283
1298 1.39482
1299 1.62173
1300 1.39482
1301 1.38283
1302 1.61146
1303 1.38283
1304 1.43103
1305 1.61146
1306 1.43103
1307 1.39482
1308 1.61146
1309 1.39482
1310 1.61146
1311 1.44387
1312 1.44387
1313 1.38283
1314 1.56918
1315 1.38283
1316 1.56918
1317 1.56918
1318 1.56918
1319 1.38283
1320 1.38283
1321 1.44288
1322 1.57997
1323 1.44288
1324 1.57997
1325 1.56918
1326 1.44288
1327 1.3951
1328 1.56918
1329 1.64485
1330 1.58459
1331 1.43103
1332 1.44387
1333 1.57997
1334 1.3951
1335 1.43103
1336 1.62284
1337 1.56918
1338 1.43103
1339 1.56918
1340 1.43103
1341 1.63002
1342 1.63002
1343 1.56918
1344 1.44288
1345 1.56918
1346 1.3951
1347 1.64485
1348 1.58459
1349 1.43103
1350 1.57997
1351 1.44387
1352 1.62284
1353 1.43103
1354 1.3951
1355 1.38283
1356 1.38283
1357 1.38283
1358 1.38283
1359 1.38283
1360 1.38283
1361 1.62173
1362 1.38283
1363 1.39482
1364 1.62173
1365 1.39482
1366 1.38283
1367 1.62173
1368 1.39482
1369 1.38283
1370 1.62173
1371 1.39482
1372 1.38283
1373 1.61146
1374 1.38283
1375 1.43103
1376 1.61146
1377 1.43103
1378 1.39482
1379 1.39482
1380 1.61146
1381 1.61146
1382 1.44387
1383 1.44387
1384 1.38283
1385 1.61146
1386 1.38283
1387 1.43103
1388 1.61146
1389 1.43103
1390 1.38283
1391 1.38283
1392 1.44288
1393 1.57997
1394 1.44288
1395 1.57997
1396 1.56918
1397 1.64485
1398 1.44288
1399 1.3951
1400 1.56918
1401 1.58459
1402 1.43103
1403 1.44387
1404 1.57997
1405 1.3951
1406 1.43103
1407 1.62284
1408 1.56918
1409 1.43103
1410 1.56918
1411 1.43103
1412 1.63002
1413 1.63002
1414 1.38283
1415 1.56918
1416 1.38283
1417 1.56918
1418 1.56918
1419 1.56918
1420 1.38283
1421 1.38283
1422 1.44288
1423 1.57997
1424 1.44288
1425 1.57997
1426 1.56918
1427 1.56918
1428 1.44288
1429 1.3951
1430 1.64485
1431 1.58459
1432 1.44387
1433 1.43103
1434 1.62284
1435 1.43103
1436 1.57997
1437 1.3951
1438 1.38283
1439 1.62173
1440 1.62173
1441 1.39482
1442 1.38283
1443 1.39482
1444 1.39482
1445 1.61146
1446 1.39482
1447 1.61146
1448 1.44387
1449 1.44387
1450 1.38283
1451 1.61146
1452 1.38283
1453 1.43103
1454 1.61146
1455 1.43103
1456 1.56918
1457 1.44288
1458 1.64485
1459 1.3951
1460 1.56918
1461 1.58459
1462 1.43103
1463 1.57997
1464 1.44387
1465 1.3951
1466 1.43103
1467 1.62284
1468 1.56918
1469 1.43103
1470 1.56918
1471 1.43103
1472 1.63002
1473 1.63002
1474 1.38283
1475 1.38283
1476 1.44288
1477 1.57997
1478 1.44288
1479 1.57997
1480 1.56918
1481 1.64485
1482 1.56918
1483 1.44288
1484 1.3951
1485 1.58459
1486 1.44387
1487 1.43103
1488 1.62284
1489 1.43103
1490 1.57997
1491 1.3951
1492 1.58459
1493 1.63002
1494 1.58459
1495 1.63002
1496 1.64647
1497 1.64647
1498 1.63002
1499 1.58459
1500 1.58459
1501 1.63002
1502 1.64647
1503 1.64647
1504 1.63002
1505 1.58459
1506 1.63002
1507 1.58459
1508 1.64647
1509 1.64647
1510 1.39482
1511 1.61146
1512 1.39482
1513 1.61146
1514 1.44387
1515 1.44387
1516 1.56918
1517 1.44288
1518 1.3951
1519 1.56918
1520 1.64485
1521 1.58459
1522 1.43103
1523 1.57997
1524 1.44387
1525 1.3951
1526 1.43103
1527 1.62284
1528 1.56918
1529 1.43103
1530 1.56918
1531 1.43103
1532 1.63002
1533 1.63002
1534 1.56918
1535 1.44288
1536 1.56918
1537 1.3951
1538 1.64485
1539 1.58459
1540 1.43103
1541 1.57997
1542 1.44387
1543 1.62284
1544 1.43103
1545 1.3951
1546 1.38283
1547 1.62173
1548 1.39482
1549 1.38283
1550 1.62173
1551 1.39482
1552 1.39482
1553 1.61146
1554 1.39482
1555 1.61146
1556 1.44387
1557 1.44387
1558 1.38283
1559 1.61146
1560 1.38283
1561 1.43103
1562 1.61146
1563 1.43103
1564 1.56918
1565 1.44288
1566 1.64485
1567 1.3951
1568 1.56918
1569 1.58459
1570 1.43103
1571 1.57997
1572 1.44387
1573 1.3951
1574 1.43103
1575 1.62284
1576 1.56918
1577 1.43103
1578 1.56918
1579 1.43103
1580 1.63002
1581 1.63002
1582 1.38283
1583 1.56918
1584 1.38283
1585 1.56918
1586 1.56918
1587 1.56918
1588 1.38283
1589 1.38283
1590 1.44288
1591 1.57997
1592 1.44288
1593 1.57997
1594 1.56918
1595 1.56918
1596 1.44288
1597 1.3951
1598 1.64485
1599 1.58459
1600 1.44387
1601 1.43103
1602 1.62284
1603 1.43103
1604 1.57997
1605 1.3951
1606 1.38283
1607 1.62173
1608 1.39482
1609 1.38283
1610 1.62173
1611 1.39482
1612 1.39482
1613 1.61146
1614 1.39482
1615 1.61146
1616 1.44387
1617 1.44387
1618 1.38283
1619 1.61146
1620 1.38283
1621 1.43103
1622 1.61146
1623 1.43103
1624 1.56918
1625 1.44288
1626 1.64485
1627 1.3951
1628 1.56918
1629 1.58459
1630 1.43103
1631 1.57997
1632 1.44387
1633 1.3951
1634 1.43103
1635 1.62284
1636 1.56918
1637 1.43103
1638 1.56918
1639 1.43103
1640 1.63002
1641 1.63002
1642 1.38283
1643 1.38283
1644 1.44288
1645 1.57997
1646 1.44288
1647 1.57997
1648 1.56918
1649 1.64485
1650 1.56918
1651 1.44288
1652 1.3951
1653 1.58459
1654 1.44387
1655 1.43103
1656 1.62284
1657 1.43103
1658 1.57997
1659 1.3951
1660 1.58459
1661 1.63002
1662 1.58459
1663 1.63002
1664 1.64647
1665 1.64647
1666 1.63002
1667 1.58459
1668 1.58459
1669 1.63002
1670 1.64647
1671 1.64647
1672 1.63002
1673 1.58459
1674 1.63002
1675 1.58459
1676 1.64647
1677 1.64647
1678 1.38283
1679 1.62173
1680 1.38283
1681 1.39482
1682 1.62173
1683 1.39482
1684 1.38283
1685 1.61146
1686 1.38283
1687 1.43103
1688 1.61146
1689 1.43103
1690 1.39482
1691 1.61146
1692 1.39482
1693 1.61146
1694 1.44387
1695 1.44387
1696 1.38283
1697 1.56918
1698 1.38283
1699 1.56918
1700 1.56918
1701 1.56918
1702 1.38283
1703 1.38283
1704 1.44288
1705 1.57997
1706 1.44288
1707 1.57997
1708 1.56918
1709 1.44288
1710 1.3951
1711 1.56918
1712 1.64485
1713 1.58459
1714 1.43103
1715 1.44387
1716 1.57997
1717 1.3951
1718 1.43103
1719 1.62284
1720 1.56918
1721 1.43103
1722 1.56918
1723 1.43103
1724 1.63002
1725 1.63002
1726 1.56918
1727 1.44288
1728 1.56918
1729 1.3951
1730 1.64485
1731 1.58459
1732 1.43103
1733 1.57997
1734 1.44387
1735 1.62284
1736 1.43103
1737 1.3951
1738 1.38283
1739 1.38283
1740 1.38283
1741 1.38283
1742 1.38283
1743 1.38283
1744 1.62173
1745 1.38283
1746 1.39482
1747 1.62173
1748 1.39482
1749 1.38283
1750 1.62173
1751 1.39482
1752 1.38283
1753 1.62173
1754 1.39482
1755 1.38283
1756 1.61146
1757 1.38283
1758 1.43103
1759 1.61146
1760 1.43103
1761 1.39482
1762 1.39482
1763 1.61146
1764 1.61146
1765 1.44387
1766 1.44387
1767 1.38283
1768 1.61146
1769 1.38283
1770 1.43103
1771 1.61146
1772 1.43103
1773 1.38283
1774 1.38283
1775 1.44288
1776 1.57997
1777 1.44288
1778 1.57997
1779 1.56918
1780 1.64485
1781 1.44288
1782 1.3951
1783 1.56918
1784 1.58459
1785 1.43103
1786 1.44387
1787 1.57997
1788 1.3951
1789 1.43103
1790 1.62284
1791 1.56918
1792 1.43103
1793 1.56918
1794 1.43103
1795 1.63002
1796 1.63002
1797 1.38283
1798 1.56918
1799 1.38283
1800 1.56918
1801 1.56918
1802 1.56918
1803 1.38283
1804 1.38283
1805 1.44288
1806 1.57997
1807 1.44288
1808 1.57997
1809 1.56918
1810 1.56918
1811 1.44288
1812 1.3951
1813 1.64485
1814 1.58459
1815 1.44387
1816 1.43103
1817 1.62284
1818 1.43103
1819 1.57997
1820 1.3951
1821 1.38283
1822 1.62173
1823 1.62173
1824 1.39482
1825 1.38283
1826 1.39482
1827 1.39482
1828 1.61146
1829 1.39482
1830 1.61146
1831 1.44387
1832 1.44387
1833 1.38283
1834 1.61146
1835 1.38283
1836 1.43103
1837 1.61146
1838 1.43103
1839 1.56918
1840 1.44288
1841 1.64485
1842 1.3951
1843 1.56918
1844 1.58459
1845 1.43103
1846 1.57997
1847 1.44387
1848 1.3951
1849 1.43103
1850 1.62284
1851 1.56918
1852 1.43103
1853 1.56918
1854 1.43103
1855 1.63002
1856 1.63002
1857 1.38283
1858 1.38283
1859 1.44288
1860 1.57997
1861 1.44288
1862 1.57997
1863 1.56918
1864 1.64485
1865 1.56918
1866 1.44288
1867 1.3951
1868 1.58459
1869 1.44387
1870 1.43103
1871 1.62284
1872 1.43103
1873 1.57997
1874 1.3951
1875 1.58459
1876 1.63002
1877 1.58459
1878 1.63002
1879 1.64647
1880 1.64647
1881 1.63002
1882 1.58459
1883 1.58459
1884 1.63002
1885 1.64647
1886 1.64647
1887 1.63002
1888 1.58459
1889 1.63002
1890 1.58459
1891 1.64647
1892 1.64647
1893 1.38283
1894 1.62173
1895 1.62173
1896 1.38283
1897 1.39482
1898 1.39482
1899 1.38283
1900 1.61146
1901 1.38283
1902 1.43103
1903 1.61146
1904 1.43103
1905 1.39482
1906 1.61146
1907 1.39482
1908 1.61146
1909 1.44387
1910 1.44387
1911 1.38283
1912 1.56918
1913 1.38283
1914 1.56918
1915 1.56918
1916 1.56918
1917 1.38283
1918 1.38283
1919 1.44288
1920 1.57997
1921 1.44288
1922 1.57997
1923 1.56918
1924 1.44288
1925 1.3951
1926 1.56918
1927 1.64485
1928 1.58459
1929 1.43103
1930 1.44387
1931 1.57997
1932 1.3951
1933 1.43103
1934 1.62284
1935 1.56918
1936 1.43103
1937 1.56918
1938 1.43103
1939 1.63002
1940 1.63002
1941 1.56918
1942 1.44288
1943 1.56918
1944 1.3951
1945 1.64485
1946 1.58459
1947 1.43103
1948 1.57997
1949 1.44387
1950 1.62284
1951 1.43103
1952 1.3951
1953 1.38283
1954 1.38283
1955 1.38283
1956 1.38283
1957 1.38283
1958 1.38283
1959 1.62173
1960 1.38283
1961 1.39482
1962 1.62173
1963 1.39482
1964 1.38283
1965 1.62173
1966 1.39482
1967 1.38283
1968 1.62173
1969 1.39482
1970 1.38283
1971 1.61146
1972 1.38283
1973 1.43103
1974 1.61146
1975 1.43103
1976 1.39482
1977 1.39482
1978 1.61146
1979 1.61146
1980 1.44387
1981 1.44387
1982 1.38283
1983 1.61146
1984 1.38283
1985 1.43103
1986 1.61146
1987 1.43103
1988 1.38283
1989 1.38283
1990 1.44288
1991 1.57997
1992 1.44288
1993 1.57997
1994 1.56918
1995 1.64485
1996 1.44288
1997 1.3951
1998 1.56918
1999 1.58459
2000 1.43103
2001 1.44387
2002 1.57997
2003 1.3951
2004 1.43103
2005 1.62284
2006 1.56918
2007 1.43103
2008 1.56918
2009 1.43103
2010 1.63002
2011 1.63002
2012 1.38283
2013 1.56918
2014 1.38283
2015 1.56918
2016 1.56918
2017 1.56918
2018 1.38283
2019 1.38283
2020 1.44288
2021 1.57997
2022 1.44288
2023 1.57997
2024 1.56918
2025 1.56918
2026 1.44288
2027 1.3951
2028 1.64485
2029 1.58459
2030 1.44387
2031 1.43103
2032 1.62284
2033 1.43103
2034 1.57997
2035 1.3951
2036 1.38283
2037 1.62173
2038 1.39482
2039 1.38283
2040 1.62173
2041 1.39482
2042 1.39482
2043 1.61146
2044 1.39482
2045 1.61146
2046 1.44387
2047 1.44387
2048 1.38283
2049 1.61146
2050 1.38283
2051 1.43103
2052 1.61146
2053 1.43103
2054 1.56918
2055 1.44288
2056 1.64485
2057 1.3951
2058 1.56918
2059 1.58459
2060 1.43103
2061 1.57997
2062 1.44387
2063 1.3951
2064 1.43103
2065 1.62284
2066 1.56918
2067 1.43103
2068 1.56918
2069 1.43103
2070 1.63002
2071 1.63002
2072 1.38283
2073 1.38283
2074 1.44288
2075 1.57997
2076 1.44288
2077 1.57997
2078 1.56918
2079 1.64485
2080 1.56918
2081 1.44288
2082 1.3951
2083 1.58459
2084 1.44387
2085 1.43103
2086 1.62284
2087 1.43103
2088 1.57997
2089 1.3951
2090 1.58459
2091 1.63002
2092 1.58459
2093 1.63002
2094 1.64647
2095 1.64647
2096 1.63002
2097 1.58459
2098 1.58459
2099 1.63002
2100 1.64647
2101 1.64647
2102 1.63002
2103 1.58459
2104 1.63002
2105 1.58459
2106 1.64647
2107 1.64647
2108 1.39482
2109 1.61146
2110 1.39482
2111 1.61146
2112 1.44387
2113 1.44387
2114 1.56918
2115 1.44288
2116 1.3951
2117 1.56918
2118 1.64485
2119 1.58459
2120 1.43103
2121 1.57997
2122 1.44387
2123 1.3951
2124 1.43103
2125 1.62284
2126 1.56918
2127 1.43103
2128 1.56918
2129 1.43103
2130 1.63002
2131 1.63002
2132 1.56918
2133 1.44288
2134 1.56918
2135 1.3951
2136 1.64485
2137 1.58459
2138 1.43103
2139 1.57997
2140 1.44387
2141 1.62284
2142 1.43103
2143 1.3951
2144 1.38283
2145 1.62173
2146 1.39482
2147 1.38283
2148 1.62173
2149 1.39482
2150 1.39482
2151 1.61146
2152 1.39482
2153 1.61146
2154 1.44387
2155 1.44387
2156 1.38283
2157 1.61146
2158 1.38283
2159 1.43103
2160 1.61146
2161 1.43103
2162 1.56918
2163 1.44288
2164 1.64485
2165 1.3951
2166 1.56918
2167 1.58459
2168 1.43103
2169 1.57997
2170 1.44387
2171 1.3951
2172 1.43103
2173 1.62284
2174 1.56918
2175 1.43103
2176 1.56918
2177 1.43103
2178 1.63002
2179 1.63002
2180 1.38283
2181 1.56918
2182 1.38283
2183 1.56918
2184 1.56918
2185 1.56918
2186 1.38283
2187 1.38283
2188 1.44288
2189 1.57997
2190 1.44288
2191 1.57997
2192 1.56918
2193 1.56918
2194 1.44288
2195 1.3951
2196 1.64485
2197 1.58459
2198 1.44387
2199 1.43103
2200 1.62284
2201 1.43103
2202 1.57997
2203 1.3951
2204 1.38283
2205 1.62173
2206 1.39482
2207 1.38283
2208 1.62173
2209 1.39482
2210 1.39482
2211 1.61146
2212 1.39482
2213 1.61146
2214 1.44387
2215 1.44387
2216 1.38283
2217 1.61146
2218 1.38283
2219 1.43103
2220 1.61146
2221 1.43103
2222 1.56918
2223 1.44288
2224 1.64485
2225 1.3951
2226 1.56918
2227 1.58459
2228 1.43103
2229 1.57997
2230 1.44387
2231 1.3951
2232 1.43103
2233 1.62284
2234 1.56918
2235 1.43103
2236 1.56918
2237 1.43103
2238 1.63002
2239 1.63002
2240 1.38283
2241 1.38283
2242 1.44288
2243 1.57997
2244 1.44288
2245 1.57997
2246 1.56918
2247 1.64485
2248 1.56918
2249 1.44288
2250 1.3951
2251 1.58459
2252 1.44387
2253 1.43103
2254 1.62284
2255 1.43103
2256 1.57997
2257 1.3951
2258 1.58459
2259 1.63002
2260 1.58459
2261 1.63002
2262 1.64647
2263 1.64647
2264 1.63002
2265 1.58459
2266 1.58459
2267 1.63002
2268 1.64647
2269 1.64647
2270 1.63002
2271 1.58459
2272 1.63002
2273 1.58459
2274 1.64647
2275 1.64647
2276 1.38283
2277 1.62173
2278 1.62173
2279 1.38283
2280 1.39482
2281 1.39482
2282 1.38283
2283 1.61146
2284 1.38283
2285 1.43103
2286 1.61146
2287 1.43103
2288 1.39482
2289 1.61146
2290 1.39482
2291 1.61146
2292 1.44387
2293 1.44387
2294 1.38283
2295 1.56918
2296 1.38283
2297 1.56918
2298 1.56918
2299 1.56918
2300 1.38283
2301 1.38283
2302 1.44288
2303 1.57997
2304 1.44288
2305 1.57997
2306 1.56918
2307 1.44288
2308 1.3951
2309 1.56918
2310 1.64485
2311 1.58459
2312 1.43103
2313 1.44387
2314 1.57997
2315 1.3951
2316 1.43103
2317 1.62284
2318 1.56918
2319 1.43103
2320 1.56918
2321 1.43103
2322 1.63002
2323 1.63002
2324 1.56918
2325 1.44288
2326 1.56918
2327 1.3951
2328 1.64485
2329 1.58459
2330 1.43103
2331 1.57997
2332 1.44387
2333 1.62284
2334 1.43103
2335 1.3951
2336 1.38283
2337 1.38283
2338 1.38283
2339 1.38283
2340 1.38283
2341 1.38283
2342 1.62173
2343 1.38283
2344 1.39482
2345 1.62173
2346 1.39482
2347 1.38283
2348 1.62173
2349 1.39482
2350 1.38283
2351 1.62173
2352 1.39482
2353 1.38283
2354 1.61146
2355 1.38283
2356 1.43103
2357 1.61146
2358 1.43103
2359 1.39482
2360 1.39482
2361 1.61146
2362 1.61146
2363 1.44387
2364 1.44387
2365 1.38283
2366 1.61146
2367 1.38283
2368 1.43103
2369 1.61146
2370 1.43103
2371 1.38283
2372 1.38283
2373 1.44288
2374 1.57997
2375 1.44288
2376 1.57997
2377 1.56918
2378 1.64485
2379 1.44288
2380 1.3951
2381 1.56918
2382 1.58459
2383 1.43103
2384 1.44387
2385 1.57997
2386 1.3951
2387 1.43103
2388 1.62284
2389 1.56918
2390 1.43103
2391 1.56918
2392 1.43103
2393 1.63002
2394 1.63002
2395 1.38283
2396 1.56918
2397 1.38283
2398 1.56918
2399 1.56918
2400 1.56918
2401 1.38283
2402 1.38283
2403 1.44288
2404 1.57997
2405 1.44288
2406 1.57997
2407 1.56918
2408 1.56918
2409 1.44288
2410 1.3951
2411 1.64485
2412 1.58459
2413 1.44387
2414 1.43103
2415 1.62284
2416 1.43103
2417 1.57997
2418 1.3951
2419 1.38283
2420 1.62173
2421 1.39482
2422 1.38283
2423 1.62173
2424 1.39482
2425 1.39482
2426 1.61146
2427 1.39482
2428 1.61146
2429 1.44387
2430 1.44387
2431 1.38283
2432 1.61146
2433 1.38283
2434 1.43103
2435 1.61146
2436 1.43103
2437 1.56918
2438 1.44288
2439 1.64485
2440 1.3951
2441 1.56918
2442 1.58459
2443 1.43103
2444 1.57997
2445 1.44387
2446 1.3951
2447 1.43103
2448 1.62284
2449 1.56918
2450 1.43103
2451 1.56918
2452 1.43103
2453 1.63002
2454 1.63002
2455 1.38283
2456 1.38283
2457 1.44288
2458 1.57997
2459 1.44288
2460 1.57997
2461 1.56918
2462 1.64485
2463 1.56918
2464 1.44288
2465 1.3951
2466 1.58459
2467 1.44387
2468 1.43103
2469 1.62284
2470 1.43103
2471 1.57997
2472 1.3951
2473 1.58459
2474 1.63002
2475 1.58459
2476 1.63002
2477 1.64647
2478 1.64647
2479 1.63002
2480 1.58459
2481 1.58459
2482 1.63002
2483 1.64647
2484 1.64647
2485 1.63002
2486 1.58459
2487 1.63002
2488 1.58459
2489 1.64647
2490 1.64647
2491 1.38283
2492 1.62173
2493 1.38283
2494 1.39482
2495 1.62173
2496 1.39482
2497 1.38283
2498 1.61146
2499 1.38283
2500 1.43103
2501 1.61146
2502 1.43103
2503 1.39482
2504 1.61146
2505 1.39482
2506 1.61146
2507 1.44387
2508 1.44387
2509 1.38283
2510 1.56918
2511 1.38283
2512 1.56918
2513 1.56918
2514 1.56918
2515 1.38283
2516 1.38283
2517 1.44288
2518 1.57997
2519 1.44288
2520 1.57997
2521 1.56918
2522 1.44288
2523 1.3951
2524 1.56918
2525 1.64485
2526 1.58459
2527 1.43103
2528 1.44387
2529 1.57997
2530 1.3951
2531 1.43103
2532 1.62284
2533 1.56918
2534 1.43103
2535 1.56918
2536 1.43103
2537 1.63002
2538 1.63002
2539 1.56918
2540 1.44288
2541 1.56918
2542 1.3951
2543 1.64485
2544 1.58459
2545 1.43103
2546 1.57997
2547 1.44387
2548 1.62284
2549 1.43103
2550 1.3951
2551 1.38283
2552 1.38283
2553 1.38283
2554 1.38283
2555 1.38283
2556 1.38283
2557 1.62173
2558 1.38283
2559 1.39482
2560 1.62173
2561 1.39482
2562 1.38283
2563 1.62173
2564 1.39482
2565 1.38283
2566 1.62173
2567 1.39482
2568 1.38283
2569 1.61146
2570 1.38283
2571 1.43103
2572 1.61146
2573 1.43103
2574 1.39482
2575 1.39482
2576 1.61146
2577 1.61146
2578 1.44387
2579 1.44387
2580 1.38283
2581 1.61146
2582 1.38283
2583 1.43103
2584 1.61146
2585 1.43103
2586 1.38283
2587 1.38283
2588 1.44288
2589 1.57997
2590 1.44288
2591 1.57997
2592 1.56918
2593 1.64485
2594 1.44288
2595 1.3951
2596 1.56918
2597 1.58459
2598 1.43103
2599 1.44387
2600 1.57997
2601 1.3951
2602 1.43103
2603 1.62284
2604 1.56918
2605 1.43103
2606 1.56918
2607 1.43103
2608 1.63002
2609 1.63002
2610 1.38283
2611 1.56918
2612 1.38283
2613 1.56918
2614 1.56918
2615 1.56918
2616 1.38283
2617 1.38283
2618 1.44288
2619 1.57997
2620 1.44288
2621 1.57997
2622 1.56918
2623 1.56918
2624 1.44288
2625 1.3951
2626 1.64485
2627 1.58459
2628 1.44387
2629 1.43103
2630 1.62284
2631 1.43103
2632 1.57997
2633 1.3951
2634 1.38283
2635 1.62173
2636 1.62173
2637 1.39482
2638 1.38283
2639 1.39482
2640 1.39482
2641 1.61146
2642 1.39482
2643 1.61146
2644 1.44387
2645 1.44387
2646 1.38283
2647 1.61146
2648 1.38283
2649 1.43103
2650 1.61146
2651 1.43103
2652 1.56918
2653 1.44288
2654 1.64485
2655 1.3951
2656 1.56918
2657 1.58459
2658 1.43103
2659 1.57997
2660 1.44387
2661 1.3951
2662 1.43103
2663 1.62284
2664 1.56918
2665 1.43103
2666 1.56918
2667 1.43103
2668 1.63002
2669 1.63002
2670 1.38283
2671 1.38283
2672 1.44288
2673 1.57997
2674 1.44288
2675 1.57997
2676 1.56918
2677 1.64485
2678 1.56918
2679 1.44288
2680 1.3951
2681 1.58459
2682 1.44387
2683 1.43103
2684 1.62284
2685 1.43103
2686 1.57997
2687 1.3951
2688 1.58459
2689 1.63002
2690 1.58459
2691 1.63002
2692 1.64647
2693 1.64647
2694 1.63002
2695 1.58459
2696 1.58459
2697 1.63002
2698 1.64647
2699 1.64647
2700 1.63002
2701 1.58459
2702 1.63002
2703 1.58459
2704 1.64647
2705 1.64647
2706 1.38283
2707 1.62173
2708 1.38283
2709 1.39482
2710 1.62173
2711 1.39482
2712 1.38283
2713 1.61146
2714 1.38283
2715 1.43103
2716 1.61146
2717 1.43103
2718 1.39482
2719 1.61146
2720 1.39482
2721 1.61146
2722 1.44387
2723 1.44387
2724 1.38283
2725 1.56918
2726 1.38283
2727 1.56918
2728 1.56918
2729 1.56918
2730 1.38283
2731 1.38283
2732 1.44288
2733 1.57997
2734 1.44288
2735 1.57997
2736 1.56918
2737 1.44288
2738 1.3951
2739 1.56918
2740 1.64485
2741 1.58459
2742 1.43103
2743 1.44387
2744 1.57997
2745 1.3951
2746 1.43103
2747 1.62284
2748 1.56918
2749 1.43103
2750 1.56918
2751 1.43103
2752 1.63002
2753 1.63002
2754 1.56918
2755 1.44288
2756 1.56918
2757 1.3951
2758 1.64485
2759 1.58459
2760 1.43103
2761 1.57997
2762 1.44387
2763 1.62284
2764 1.43103
2765 1.3951
2766 1.38283
2767 1.62173
2768 1.62173
2769 1.38283
2770 1.39482
2771 1.39482
2772 1.38283
2773 1.62173
2774 1.62173
2775 1.39482
2776 1.38283
2777 1.39482
2778 1.38283
2779 1.61146
2780 1.38283
2781 1.43103
2782 1.61146
2783 1.43103
2784 1.39482
2785 1.39482
2786 1.61146
2787 1.61146
2788 1.44387
2789 1.44387
2790 1.38283
2791 1.61146
2792 1.38283
2793 1.43103
2794 1.61146
2795 1.43103
2796 1.38283
2797 1.38283
2798 1.44288
2799 1.57997
2800 1.44288
2801 1.57997
2802 1.56918
2803 1.64485
2804 1.44288
2805 1.3951
2806 1.56918
2807 1.58459
2808 1.43103
2809 1.44387
2810 1.57997
2811 1.3951
2812 1.43103
2813 1.62284
2814 1.56918
2815 1.43103
2816 1.56918
2817 1.43103
2818 1.63002
2819 1.63002
2820 1.38283
2821 1.56918
2822 1.38283
2823 1.56918
2824 1.56918
2825 1.56918
2826 1.38283
2827 1.38283
2828 1.44288
2829 1.57997
2830 1.44288
2831 1.57997
2832 1.56918
2833 1.56918
2834 1.44288
2835 1.3951
2836 1.64485
2837 1.58459
2838 1.44387
2839 1.43103
2840 1.62284
2841 1.43103
2842 1.57997
2843 1.3951
2844 1.38283
2845 1.62173
2846 1.39482
2847 1.38283
2848 1.62173
2849 1.39482
2850 1.39482
2851 1.61146
2852 1.39482
2853 1.61146
2854 1.44387
2855 1.44387
2856 1.38283
2857 1.61146
2858 1.38283
2859 1.43103
2860 1.61146
2861 1.43103
2862 1.56918
2863 1.44288
2864 1.64485
2865 1.3951
2866 1.56918
2867 1.58459
2868 1.43103
2869 1.57997
2870 1.44387
2871 1.3951
2872 1.43103
2873 1.62284
2874 1.56918
2875 1.43103
2876 1.56918
2877 1.43103
2878 1.63002
2879 1.63002
2880 1.38283
2881 1.38283
2882 1.44288
2883 1.57997
2884 1.44288
2885 1.57997
2886 1.56918
2887 1.64485
2888 1.56918
2889 1.44288
2890 1.3951
2891 1.58459
2892 1.44387
2893 1.43103
2894 1.62284
2895 1.43103
2896 1.57997
2897 1.3951
2898 1.58459
2899 1.63002
2900 1.58459
2901 1.63002
2902 1.64647
2903 1.64647
2904 1.63002
2905 1.58459
2906 1.58459
2907 1.63002
2908 1.64647
2909 1.64647
2910 1.63002
2911 1.58459
2912 1.63002
2913 1.58459
2914 1.64647
2915 1.64647
2916 1.38283
2917 1.62173
2918 1.62173
2919 1.38283
2920 1.39482
2921 1.39482
2922 1.38283
2923 1.61146
2924 1.38283
2925 1.43103
2926 1.61146
2927 1.43103
2928 1.39482
2929 1.61146
2930 1.39482
2931 1.61146
2932 1.44387
2933 1.44387
2934 1.38283
2935 1.56918
2936 1.38283
2937 1.56918
2938 1.56918
2939 1.56918
2940 1.38283
2941 1.38283
2942 1.44288
2943 1.57997
2944 1.44288
2945 1.57997
2946 1.56918
2947 1.44288
2948 1.3951
2949 1.56918
2950 1.64485
2951 1.58459
2952 1.43103
2953 1.44387
2954 1.57997
2955 1.3951
2956 1.43103
2957 1.62284
2958 1.56918
2959 1.43103
2960 1.56918
2961 1.43103
2962 1.63002
2963 1.63002
2964 1.56918
2965 1.44288
2966 1.56918
2967 1.3951
2968 1.64485
2969 1.58459
2970 1.43103
2971 1.57997
2972 1.44387
2973 1.62284
2974 1.43103
2975 1.3951
2976 1.38283
2977 1.62173
2978 1.62173
2979 1.38283
2980 1.39482
2981 1.39482
2982 1.38283
2983 1.61146
2984 1.38283
2985 1.43103
2986 1.61146
2987 1.43103
2988 1.39482
2989 1.61146
2990 1.39482
2991 1.61146
2992 1.44387
2993 1.44387
2994 1.38283
2995 1.38283
2996 1.44288
2997 1.57997
2998 1.44288
2999 1.57997
3000 1.56918
3001 1.64485
3002 1.44288
3003 1.3951
3004 1.56918
3005 1.58459
3006 1.43103
3007 1.44387
3008 1.57997
3009 1.3951
3010 1.43103
3011 1.62284
3012 1.56918
3013 1.43103
3014 1.56918
3015 1.43103
3016 1.63002
3017 1.63002
3018 1.56918
3019 1.44288
3020 1.56918
3021 1.3951
3022 1.64485
3023 1.58459
3024 1.43103
3025 1.57997
3026 1.44387
3027 1.62284
3028 1.43103
3029 1.3951
3030 1.39482
3031 1.61146
3032 1.39482
3033 1.61146
3034 1.44387
3035 1.44387
3036 1.56918
3037 1.44288
3038 1.64485
3039 1.3951
3040 1.56918
3041 1.58459
3042 1.43103
3043 1.57997
3044 1.44387
3045 1.3951
3046 1.43103
3047 1.62284
3048 1.56918
3049 1.43103
3050 1.56918
3051 1.43103
3052 1.63002
3053 1.63002
3054 1.56918
3055 1.44288
3056 1.64485
3057 1.56918
3058 1.3951
3059 1.58459
3060 1.43103
3061 1.57997
3062 1.44387
3063 1.62284
3064 1.43103
3065 1.3951
3066 1.58459
3067 1.63002
3068 1.58459
3069 1.63002
3070 1.64647
3071 1.64647
3072 1.63002
3073 1.58459
3074 1.58459
3075 1.63002
3076 1.64647
3077 1.64647
3078 1.63002
3079 1.58459
3080 1.63002
3081 1.58459
3082 1.64647
3083 1.64647
3084 1.39482
3085 1.61146
3086 1.39482
3087 1.61146
3088 1.44387
3089 1.44387
3090 1.56918
3091 1.44288
3092 1.3951
3093 1.56918
3094 1.64485
3095 1.58459
3096 1.43103
3097 1.57997
3098 1.44387
3099 1.3951
3100 1.43103
3101 1.62284
3102 1.56918
3103 1.43103
3104 1.56918
3105 1.43103
3106 1.63002
3107 1.63002
3108 1.56918
3109 1.44288
3110 1.56918
3111 1.3951
3112 1.64485
3113 1.58459
3114 1.43103
3115 1.57997
3116 1.44387
3117 1.62284
3118 1.43103
3119 1.3951
3120 1.39482
3121 1.61146
3122 1.39482
3123 1.61146
3124 1.44387
3125 1.44387
3126 1.56918
3127 1.44288
3128 1.64485
3129 1.3951
3130 1.56918
3131 1.58459
3132 1.43103
3133 1.57997
3134 1.44387
3135 1.3951
3136 1.43103
3137 1.62284
3138 1.56918
3139 1.43103
3140 1.56918
3141 1.43103
3142 1.63002
3143 1.63002
3144 1.56918
3145 1.44288
3146 1.56918
3147 1.3951
3148 1.64485
3149 1.58459
3150 1.43103
3151 1.57997
3152 1.44387
3153 1.62284
3154 1.43103
3155 1.3951
3156 1.39482
3157 1.61146
3158 1.39482
3159 1.61146
3160 1.44387
3161 1.44387
3162 1.56918
3163 1.44288
3164 1.64485
3165 1.3951
3166 1.56918
3167 1.58459
3168 1.43103
3169 1.57997
3170 1.44387
3171 1.3951
3172 1.43103
3173 1.62284
3174 1.56918
3175 1.43103
3176 1.56918
3177 1.43103
3178 1.63002
3179 1.63002
3180 1.56918
3181 1.44288
3182 1.64485
3183 1.56918
3184 1.3951
3185 1.58459
3186 1.43103
3187 1.57997
3188 1.44387
3189 1.62284
3190 1.43103
3191 1.3951
3192 1.58459
3193 1.63002
3194 1.58459
3195 1.63002
3196 1.64647
3197 1.64647
3198 1.63002
3199 1.58459
3200 1.58459
3201 1.63002
3202 1.64647
3203 1.64647
3204 1.63002
3205 1.58459
3206 1.63002
3207 1.58459
3208 1.64647
3209 1.64647
3210 1.38283
3211 1.62173
3212 1.39482
3213 1.38283
3214 1.62173
3215 1.39482
3216 1.39482
3217 1.61146
3218 1.39482
3219 1.61146
3220 1.44387
3221 1.44387
3222 1.38283
3223 1.61146
3224 1.38283
3225 1.43103
3226 1.61146
3227 1.43103
3228 1.56918
3229 1.44288
3230 1.3951
3231 1.56918
3232 1.64485
3233 1.58459
3234 1.43103
3235 1.57997
3236 1.44387
3237 1.3951
3238 1.43103
3239 1.62284
3240 1.56918
3241 1.43103
3242 1.56918
3243 1.43103
3244 1.63002
3245 1.63002
3246 1.38283
3247 1.56918
3248 1.38283
3249 1.56918
3250 1.56918
3251 1.56918
3252 1.38283
3253 1.38283
3254 1.44288
3255 1.57997
3256 1.44288
3257 1.57997
3258 1.56918
3259 1.56918
3260 1.44288
3261 1.3951
3262 1.64485
3263 1.58459
3264 1.44387
3265 1.43103
3266 1.62284
3267 1.43103
3268 1.57997
3269 1.3951
3270 1.39482
3271 1.61146
3272 1.39482
3273 1.61146
3274 1.44387
3275 1.44387
3276 1.56918
3277 1.44288
3278 1.64485
3279 1.3951
3280 1.56918
3281 1.58459
3282 1.43103
3283 1.57997
3284 1.44387
3285 1.3951
3286 1.43103
3287 1.62284
3288 1.56918
3289 1.43103
3290 1.56918
3291 1.43103
3292 1.63002
3293 1.63002
3294 1.56918
3295 1.44288
3296 1.56918
3297 1.3951
3298 1.64485
3299 1.58459
3300 1.43103
3301 1.57997
3302 1.44387
3303 1.62284
3304 1.43103
3305 1.3951
3306 1.38283
3307 1.62173
3308 1.38283
3309 1.39482
3310 1.62173
3311 1.39482
3312 1.38283
3313 1.61146
3314 1.38283
3315 1.43103
3316 1.61146
3317 1.43103
3318 1.39482
3319 1.61146
3320 1.39482
3321 1.61146
3322 1.44387
3323 1.44387
3324 1.38283
3325 1.38283
3326 1.44288
3327 1.57997
3328 1.44288
3329 1.57997
3330 1.56918
3331 1.64485
3332 1.44288
3333 1.3951
3334 1.56918
3335 1.58459
3336 1.43103
3337 1.44387
3338 1.57997
3339 1.3951
3340 1.43103
3341 1.62284
3342 1.56918
3343 1.43103
3344 1.56918
3345 1.43103
3346 1.63002
3347 1.63002
3348 1.56918
3349 1.44288
3350 1.64485
3351 1.56918
3352 1.3951
3353 1.58459
3354 1.43103
3355 1.57997
3356 1.44387
3357 1.62284
3358 1.43103
3359 1.3951
3360 1.58459
3361 1.63002
3362 1.58459
3363 1.63002
3364 1.64647
3365 1.64647
3366 1.63002
3367 1.58459
3368 1.58459
3369 1.63002
3370 1.64647
3371 1.64647
3372 1.63002
3373 1.58459
3374 1.63002
3375 1.58459
3376 1.64647
3377 1.64647
3378 1.38283
3379 1.62173
3380 1.62173
3381 1.38283
3382 1.39482
3383 1.39482
3384 1.38283
3385 1.62173
3386 1.62173
3387 1.39482
3388 1.38283
3389 1.39482
3390 1.38283
3391 1.61146
3392 1.38283
3393 1.43103
3394 1.61146
3395 1.43103
3396 1.39482
3397 1.39482
3398 1.61146
3399 1.61146
3400 1.44387
3401 1.44387
3402 1.38283
3403 1.61146
3404 1.38283
3405 1.43103
3406 1.61146
3407 1.43103
3408 1.38283
3409 1.56918
3410 1.38283
3411 1.56918
3412 1.56918
3413 1.56918
3414 1.38283
3415 1.38283
3416 1.44288
3417 1.57997
3418 1.44288
3419 1.57997
3420 1.56918
3421 1.44288
3422 1.3951
3423 1.56918
3424 1.64485
3425 1.58459
3426 1.43103
3427 1.44387
3428 1.57997
3429 1.3951
3430 1.43103
3431 1.62284
3432 1.56918
3433 1.43103
3434 1.56918
3435 1.43103
3436 1.63002
3437 1.63002
3438 1.38283
3439 1.56918
3440 1.38283
3441 1.56918
3442 1.56918
3443 1.56918
3444 1.38283
3445 1.38283
3446 1.44288
3447 1.57997
3448 1.44288
3449 1.57997
3450 1.56918
3451 1.56918
3452 1.44288
3453 1.3951
3454 1.64485
3455 1.58459
3456 1.44387
3457 1.43103
3458 1.62284
3459 1.43103
3460 1.57997
3461 1.3951
3462 1.38283
3463 1.62173
3464 1.62173
3465 1.38283
3466 1.39482
3467 1.39482
3468 1.38283
3469 1.61146
3470 1.38283
3471 1.43103
3472 1.61146
3473 1.43103
3474 1.39482
3475 1.61146
3476 1.39482
3477 1.61146
3478 1.44387
3479 1.44387
3480 1.38283
3481 1.38283
3482 1.44288
3483 1.57997
3484 1.44288
3485 1.57997
3486 1.56918
3487 1.64485
3488 1.44288
3489 1.3951
3490 1.56918
3491 1.58459
3492 1.43103
3493 1.44387
3494 1.57997
3495 1.3951
3496 1.43103
3497 1.62284
3498 1.56918
3499 1.43103
3500 1.56918
3501 1.43103
3502 1.63002
3503 1.63002
3504 1.56918
3505 1.44288
3506 1.56918
3507 1.3951
3508 1.64485
3509 1.58459
3510 1.43103
3511 1.57997
3512 1.44387
3513 1.62284
3514 1.43103
3515 1.3951
3516 1.38283
3517 1.62173
3518 1.62173
3519 1.38283
3520 1.39482
3521 1.39482
3522 1.38283
3523 1.61146
3524 1.38283
3525 1.43103
3526 1.61146
3527 1.43103
3528 1.39482
3529 1.61146
3530 1.39482
3531 1.61146
3532 1.44387
3533 1.44387
3534 1.38283
3535 1.38283
3536 1.44288
3537 1.57997
3538 1.44288
3539 1.57997
3540 1.56918
3541 1.64485
3542 1.44288
3543 1.3951
3544 1.56918
3545 1.58459
3546 1.43103
3547 1.44387
3548 1.57997
3549 1.3951
3550 1.43103
3551 1.62284
3552 1.56918
3553 1.43103
3554 1.56918
3555 1.43103
3556 1.63002
3557 1.63002
3558 1.56918
3559 1.44288
3560 1.64485
3561 1.56918
3562 1.3951
3563 1.58459
3564 1.43103
3565 1.57997
3566 1.44387
3567 1.62284
3568 1.43103
3569 1.3951
3570 1.58459
3571 1.63002
3572 1.58459
3573 1.63002
3574 1.64647
3575 1.64647
3576 1.63002
3577 1.58459
3578 1.58459
3579 1.63002
3580 1.64647
3581 1.64647
3582 1.63002
3583 1.58459
3584 1.63002
3585 1.58459
3586 1.64647
3587 1.64647
3588 1.39482
3589 1.61146
3590 1.39482
3591 1.61146
3592 1.44387
3593 1.44387
3594 1.56918
3595 1.44288
3596 1.3951
3597 1.56918
3598 1.64485
3599 1.58459
3600 1.43103
3601 1.57997
3602 1.44387
3603 1.3951
3604 1.43103
3605 1.62284
3606 1.56918
3607 1.43103
3608 1.56918
3609 1.43103
3610 1.63002
3611 1.63002
3612 1.56918
3613 1.44288
3614 1.56918
3615 1.3951
3616 1.64485
3617 1.58459
3618 1.43103
3619 1.57997
3620 1.44387
3621 1.62284
3622 1.43103
3623 1.3951
3624 1.39482
3625 1.61146
3626 1.39482
3627 1.61146
3628 1.44387
3629 1.44387
3630 1.56918
3631 1.44288
3632 1.64485
3633 1.3951
3634 1.56918
3635 1.58459
3636 1.43103
3637 1.57997
3638 1.44387
3639 1.3951
3640 1.43103
3641 1.62284
3642 1.56918
3643 1.43103
3644 1.56918
3645 1.43103
3646 1.63002
3647 1.63002
3648 1.56918
3649 1.44288
3650 1.56918
3651 1.3951
3652 1.64485
3653 1.58459
3654 1.43103
3655 1.57997
3656 1.44387
3657 1.62284
3658 1.43103
3659 1.3951
3660 1.39482
3661 1.61146
3662 1.39482
3663 1.61146
3664 1.44387
3665 1.44387
3666 1.56918
3667 1.44288
3668 1.64485
3669 1.3951
3670 1.56918
3671 1.58459
3672 1.43103
3673 1.57997
3674 1.44387
3675 1.3951
3676 1.43103
3677 1.62284
3678 1.56918
3679 1.43103
3680 1.56918
3681 1.43103
3682 1.63002
3683 1.63002
3684 1.56918
3685 1.44288
3686 1.64485
3687 1.56918
3688 1.3951
3689 1.58459
3690 1.43103
3691 1.57997
3692 1.44387
3693 1.62284
3694 1.43103
3695 1.3951
3696 1.58459
3697 1.63002
3698 1.58459
3699 1.63002
3700 1.64647
3701 1.64647
3702 1.63002
3703 1.58459
3704 1.58459
3705 1.63002
3706 1.64647
3707 1.64647
3708 1.63002
3709 1.58459
3710 1.63002
3711 1.58459
3712 1.64647
3713 1.64647
3714 1.39482
3715 1.61146
3716 1.39482
3717 1.61146
3718 1.44387
3719 1.44387
3720 1.56918
3721 1.44288
3722 1.3951
3723 1.56918
3724 1.64485
3725 1.58459
3726 1.43103
3727 1.57997
3728 1.44387
3729 1.3951
3730 1.43103
3731 1.62284
3732 1.56918
3733 1.43103
3734 1.56918
3735 1.43103
3736 1.63002
3737 1.63002
3738 1.56918
3739 1.44288
3740 1.56918
3741 1.3951
3742 1.64485
3743 1.58459
3744 1.43103
3745 1.57997
3746 1.44387
3747 1.62284
3748 1.43103
3749 1.3951
3750 1.39482
3751 1.61146
3752 1.39482
3753 1.61146
3754 1.44387
3755 1.44387
3756 1.56918
3757 1.44288
3758 1.64485
3759 1.3951
3760 1.56918
3761 1.58459
3762 1.43103
3763 1.57997
3764 1.44387
3765 1.3951
3766 1.43103
3767 1.62284
3768 1.56918
3769 1.43103
3770 1.56918
3771 1.43103
3772 1.63002
3773 1.63002
3774 1.56918
3775 1.44288
3776 1.56918
3777 1.3951
3778 1.64485
3779 1.58459
3780 1.43103
3781 1.57997
3782 1.44387
3783 1.62284
3784 1.43103
3785 1.3951
3786 1.39482
3787 1.61146
3788 1.39482
3789 1.61146
3790 1.44387
3791 1.44387
3792 1.56918
3793 1.44288
3794 1.64485
3795 1.3951
3796 1.56918
3797 1.58459
3798 1.43103
3799 1.57997
3800 1.44387
3801 1.3951
3802 1.43103
3803 1.62284
3804 1.56918
3805 1.43103
3806 1.56918
3807 1.43103
3808 1.63002
3809 1.63002
3810 1.56918
3811 1.44288
3812 1.64485
3813 1.56918
3814 1.3951
3815 1.58459
3816 1.43103
3817 1.57997
3818 1.44387
3819 1.62284
3820 1.43103
3821 1.3951
3822 1.58459
3823 1.63002
3824 1.58459
3825 1.63002
3826 1.64647
3827 1.64647
3828 1.63002
3829 1.58459
3830 1.58459
3831 1.63002
3832 1.64647
3833 1.64647
3834 1.63002
3835 1.58459
3836 1.63002
3837 1.58459
3838 1.64647
3839 1.64647